1360.2843794590399 5510368.377906964
1269.3576355971659 5070926.322701617
1940.3788159313574 7664424.558078966
1777.0935739013203 7085279.666189432
1032.4608466563654 4172679.986930764
1695.8611701918458 6750089.581570462
1393.335112159549 5590927.164098036
963.187444059053 3940566.775928273
1121.1201671873448 4460456.65811023
1753.0933262641474 7079960.777680291
1039.7837302310368 4182342.494506449
1901.057150716926 7581311.9171474725
1609.0617306513936 6482576.259734487
1972.2921851993046 7960346.327363069
1744.3682588940974 6924730.434595305
1191.3663703540947 4845157.045073065
1397.430204060437 5562720.597635912
1471.7420656170293 5938168.368106265
1648.8995945152387 6605777.180570429
1811.667736063723 7287023.2364296615
1357.8008450447678 5405095.258101607
1705.1656648102212 6896228.155248543
1745.54124271832 6906388.559982158
880.1524927077096 3497887.5235438203
1897.997102705597 7531423.994818704
1781.6623414518906 7044858.546168382
1682.9623237836595 6712319.885840278
1188.6499994071098 4813091.797054702
1091.044891903467 4433583.763907554
1714.5302912594093 6907884.195032989
1980.4207170417178 8017915.2100596605
1040.6436265311697 4125190.8555371123
1971.390554304593 7906852.173271223
1081.4429139284025 4307861.611502488
1045.9656199051117 4229506.535397086
1406.8404833195284 5536302.363695416
1396.630882880586 5580132.750680787
1225.601796623279 4976612.62820152
1293.703050650658 5082373.746127158
1430.154213488575 5645996.385078994
839.94519407861 3325498.706458652
986.6209692632282 3852920.897597487
914.3967392786935 3730778.3509573224
804.7656641482068 3251215.1567567275
1208.6948347704433 4919897.100685028
1869.9737948624165 7506056.9006703375
1887.8504980932005 7527083.781710766
1991.0158141970685 7868515.19570733
1319.734260212853 5366666.278135678
1461.4904819092587 5901385.886286511
1704.7337081799656 6808122.401690238
1937.5434954999005 7848696.393367268
1952.7804045322487 7863299.02470312
1750.0814392864636 6914607.769119559
1137.827034473778 4544136.255374301
1207.072918307425 4926233.444630961
1411.093416449035 5552178.462605568
1946.3411800495658 7789596.733019444
1237.2125914199842 4905308.271401287
1937.09985990173 7716467.966395514
1011.3228486127108 4065703.554411618
1527.3362175388352 6064161.94363215
1301.831317916035 5284895.952119514
815.3781900887961 3329089.1990340576
1182.5444117330082 4780434.383167015
818.444715066943 3242000.658439387
1398.4163672324084 5555420.083012854
1596.1564454817128 6454891.420513607
1690.0965972741933 6835364.141828682
1022.6744075683924 4155283.791631583
1108.257269491951 4506693.034073759
1238.710629770804 4867489.803488169
938.2186705923525 3700147.4080573604
1434.2573723698674 5677367.598757671
1988.0527906870495 7955967.480175381
894.3578107121506 3500759.030717721
953.9737132109856 3860500.916303586
1584.5531370363028 6255211.145313803
1901.2061779232977 7623268.301076677
1215.9533069741944 4832003.202056149
1063.1970267541687 4297709.106701699
972.6838851438737 3791993.3641251563
1144.008058493559 4613934.547928055
1906.4305606688174 7536529.107635594
869.9657467974544 3481868.371315935
1411.9799858319147 5623314.272996792
1341.248661018135 5462971.307542591
928.8899085832488 3633996.630082107
1785.654925506295 7237750.402794194
1278.766954408402 5088837.403157101
953.8078429932474 3743949.7896153945
1392.1741770214257 5658204.602470148
1774.1236766546626 7147118.466466316
1140.8516964296346 4582013.349116312
1751.2567492760984 6934305.948990568
1127.2553599212524 4542968.223459242
1315.3385684501584 5212880.878278432
1091.166023715213 4394395.060515573
1099.207911360733 4425681.470979
960.4273146338488 3874021.5108668203